191
4
3

32
1

LVVE_TX_MODE_ON
LVM_MODE_OFF
LVM_MODE_OFF
200
LVM_MODE_ON
0
LVM_MODE_ON
150                          
LVM_MODE_ON
63
0
8192                         
2048
0
128
8192
1024
96
8192
1024
2
767
12000
8000
512
256
256                          
12000
280
1000
8000
128
512
512
0
16384
16384
1
12000
64
64
64
16384
512
LVM_MODE_OFF
2549
14
0
8192
8192
2048
40
2048
1568
40
2048
1568
1
776
32
1024
800
32
1024
800
1
776
1
32767
8192
23062
-11398
-2622
4704
8698
8807
4494
835
481
209
6655
7358
-1669
4806
-598
-880
16
655
1024
16
1638
181
10
16384
10000
16000
5000
128
9830
16384
6554
6554
9830
512
12288
10240
400
230
26213
LVM_MODE_OFF
7
23170
256
512
12055
32442
28000
4096
LVM_MODE_OFF
0
LVM_MODE_ON 
64
4341
119
-1563
230
59
-324
-106
-106
-141
-142
-52
-61
-14
-51
31
-41
13
20
19
0
67
16
30
25
56
13
30
15
39
9
18
-3
14
0
14
-2
9
-2
10
2
13
5
13
6
13
8
13
8
12
7
10
6
7
4
5
2
2
1
1
0
0
0
0
0
